start=5049.583333
aid=1
sub-delay=0.600000
